9,7,89,0,94,28,14,41
598,10,658,0,667,7,607,32
294,7,312,7,312,19,294,19
117,7,231,7,231,40,117,40
749,14,778,14,778,39,749,39
243,26,343,26,343,40,243,40
321,48,369,27,377,46,328,66
444,73,457,68,476,59,486,56,507,45,521,39,533,33,541,51,529,57,517,62,492,74,483,77,464,86,451,91
592,78,686,45,696,73,602,106
17,84,108,50,118,77,27,110
191,95,202,91,208,89,218,85,232,75,246,73,261,68,265,89,250,95,240,96,231,103,216,109,205,113,194,117
315,117,409,83,419,112,325,145
489,121,504,117,517,109,524,110,537,105,550,100,560,96,564,116,555,120,543,125,533,128,524,128,510,137,495,140
650,131,661,127,673,124,679,121,689,117,702,113,712,110,719,130,709,133,698,136,688,140,678,145,667,147,657,151
744,115,756,115,756,126,744,126
373,167,384,165,387,163,398,161,410,154,423,150,432,145,438,165,429,170,417,174,408,180,394,182,384,185,373,187
126,164,258,162,258,216,127,218
510,166,622,166,622,216,510,216
691,182,744,182,744,220,691,220
751,184,762,184,762,192,751,192
373,238,382,236,402,233,407,231,422,225,435,219,447,214,453,230,442,235,429,242,415,246,405,250,386,253,377,255
729,260,755,255,757,266,732,271
92,284,102,279,109,277,128,267,133,264,148,259,161,254,168,274,154,279,141,283,134,287,121,294,105,300,95,304
237,291,331,259,340,286,246,318
389,305,404,301,425,294,441,289,456,281,474,277,484,272,491,293,481,298,465,302,450,310,431,316,408,323,393,327
572,306,581,304,597,301,601,299,611,295,624,290,636,285,641,303,629,308,619,312,609,316,599,320,586,322,577,324
13,308,23,306,26,305,35,303,48,298,52,299,61,297,66,316,56,317,49,317,42,321,32,323,26,325,17,327
726,324,778,305,780,326,733,344
293,345,303,344,318,340,323,338,334,333,346,330,355,326,362,344,353,347,341,350,331,356,322,358,306,362,297,364
451,354,460,351,472,349,476,346,487,344,497,340,510,337,517,355,504,359,494,362,483,364,475,368,459,370,450,373
31,381,219,381,219,419,31,419
253,391,747,391,747,416,253,416
