9,7,89,0,94,28,14,41
598,10,658,0,667,7,607,32
294,7,312,7,312,19,294,19
117,7,231,7,231,40,117,40
749,14,778,14,778,39,749,39
243,26,343,26,343,40,243,40
320,48,369,27,377,46,328,66
442,68,534,34,543,61,452,95
592,78,686,45,696,73,602,106
17,83,108,51,117,78,27,110
191,94,202,91,214,86,219,85,232,75,246,73,261,67,265,89,250,95,239,95,231,103,222,107,205,113,194,116
316,122,333,115,341,112,358,106,375,99,399,89,412,82,418,102,405,109,383,118,367,125,349,131,334,136,317,143
495,122,505,115,512,109,523,109,537,104,551,99,562,94,566,116,556,121,542,125,533,129,518,130,513,136,503,143
646,131,661,127,673,125,678,122,690,116,701,112,711,108,717,128,707,132,698,135,688,140,677,145,660,148,646,152
745,117,756,117,756,126,745,126
694,172,746,184,737,223,685,212
751,184,762,184,762,192,751,192
235,184,274,184,274,202,235,202
137,185,187,185,187,203,137,203
92,285,104,280,125,268,134,265,155,258,172,251,185,247,191,265,178,269,163,275,140,283,132,286,112,297,100,303
728,260,755,255,757,266,730,270
237,291,331,258,340,286,246,319
389,302,408,300,424,296,435,294,450,286,475,277,484,272,490,292,481,297,459,304,443,314,429,316,412,321,393,323
571,305,581,304,596,302,601,300,611,294,623,290,635,284,641,302,629,308,618,311,609,317,599,321,586,322,576,324
13,308,23,306,26,305,35,303,48,298,51,299,61,298,66,316,56,317,49,317,42,321,32,323,26,325,17,327
725,320,735,319,740,319,753,315,764,309,769,310,780,310,784,327,773,328,766,328,756,334,746,338,739,339,729,341
293,346,303,344,318,340,323,338,334,333,346,330,356,327,362,345,352,347,341,350,330,355,322,358,307,362,297,364
450,352,459,350,470,350,476,347,487,344,498,340,511,337,516,355,503,359,493,362,483,364,474,369,457,369,448,371
31,381,219,381,219,419,31,419
253,391,747,391,747,416,253,416
